Time = 1000
Temperature
   1.1044941    0.16207604

Pressure
   23.837295    0.82220816

CM Mom
-4.3205468e-17 1.4927848e-17 
8.6179567e-17  2.5884869e-17 
-1.2297257e-16 1.1750841e-15 
8.600413e-16   8.1637028e-16 

CM Pos
15.993836      0.049344651   
15.995456      0.063039445   
15.998952      0.0098425691  
27.706062      0.067221224   

Stress
20.8685      -0.00513884  -0.00214191   0.294688     0.0242988    0.0253536   
-0.00513884  20.8621      -0.00335061   0.0242988    0.288329     0.0263657   
-0.00214191  -0.00335061  19.841        0.0253536    0.0263657    0.689128    

Stress Spherical
0            0            0             0            0            0           
0            0            0             0            0            0           
0            0            0             0            0            0           

Inertia
681.645      -255.828     -255.868      6.91741      1.77791      0.848941    
-255.828     681.599      -255.909      1.77791      6.35266      1.12775     
-255.868     -255.909     682.08        0.848941     1.12775      7.40003     

Bond Length
0.55868266    0.012608603 

HT bond length
0.6174245     0.0072599805

TT bond length
0.54693429    0.013832883 

Water EE distance
0             0           

Lipid EE distance
3.130272      0.07733782  

HTT P2(x)
0.76102071    0.017790619 

HTT first bond length
0.54278217    0.013942147 

HTT second bond length
0.6174245     0.0072599805

HTT <phi**2>/<phi>**2
1.2618923     0.0078273742

TTT P2(x)
0.76315931    0.020043748 

TTT first bond length
0.54797232    0.014233005 

TTT second bond length
0.54513272    0.017133774 

TTT <phi**2>/<phi>**2
1.2630651     0.0061673916

Time = 2000
Temperature
1.019513      0.0070669397

Pressure
23.429322     0.11045682  

CM Mom
-3.5438661e-17 1.6984599e-17 
8.7045524e-17  2.4483312e-17 
-4.9055203e-17 4.7833674e-16 
3.8434372e-16  3.0530819e-16 

CM Pos
16.001476      0.019607693   
16.000883      0.02395272    
16.000306      0.0090870087  
27.714357      0.027142462   

Stress
20.6534      0.00258685   0.00398658    0.0880987    0.0228644    0.0281445   
0.00258685   20.6601      -0.00123089   0.0228644    0.0812645    0.0244607   
0.00398658   -0.00123089  19.799        0.0281445    0.0244607    0.201231    

Stress Spherical
0            0            0             0            0            0           
0            0            0             0            0            0           
0            0            0             0            0            0           

Inertia
681.711      -256.036     -256          1.08584      0.706411     0.426916    
-256.036     681.739      -256.046      0.706411     0.988411     0.445535    
-256         -256.046     682.719       0.426916     0.445535     3.99897     

Bond Length
0.55780771    0.0037338576

HT bond length
0.61563107    0.0031294989

TT bond length
0.54624304    0.0039322656

Water EE distance
0             0           

Lipid EE distance
3.1095475     0.027972596 

HTT P2(x)
0.75356633    0.0054656507

HTT first bond length
0.54240352    0.0045791795

HTT second bond length
0.61563107    0.0031294989

HTT <phi**2>/<phi>**2
1.2608151     0.006042949 

TTT P2(x)
0.75305625    0.0042661023

TTT first bond length
0.54720292    0.0038159437

TTT second bond length
0.54513695    0.0042501415

TTT <phi**2>/<phi>**2
1.2604656     0.0034834848

Time = 3000
Temperature
1.0134056     0.0033656437

Pressure
23.394425     0.04980275  

CM Mom
-2.9552497e-17 2.2199763e-17 
8.2696705e-17  2.0708685e-17 
-1.5482658e-17 2.4355485e-16 
2.1329075e-16  1.5066356e-16 

CM Pos
15.999045      0.015232305   
15.998777      0.015721347   
15.998187      0.0076889954  
27.710513      0.016268541   

Stress
20.6045      -0.00657533  0.00720572    0.0463203    0.0272864    0.0254731   
-0.00657533  20.5921      0.0119772     0.0272864    0.048886     0.0258721   
0.00720572   0.0119772    19.8661       0.0254731    0.0258721    0.0908571   

Stress Spherical
0            0            0             0            0            0           
0            0            0             0            0            0           
0            0            0             0            0            0           

Inertia
681.859      -255.981     -255.931      0.558203     0.467778     0.274312    
-255.981     681.85       -255.966      0.467778     0.55452      0.256324    
-255.931     -255.966     682.733       0.274312     0.256324     2.73388     

Bond Length
0.55682691    0.0016379541

HT bond length
0.61439149    0.001744418 

TT bond length
0.54531399    0.0017490544

Water EE distance
0             0           

Lipid EE distance
3.0972587     0.012116364 

HTT P2(x)
0.75107288    0.0040614049

HTT first bond length
0.54167783    0.0023610509

HTT second bond length
0.61439149    0.001744418 

HTT <phi**2>/<phi>**2
1.2599701     0.0057806501

TTT P2(x)
0.74996734    0.0029521063

TTT first bond length
0.54622303    0.0017218897

TTT second bond length
0.54416064    0.0019370278

TTT <phi**2>/<phi>**2
1.2602275     0.0031086805

Time = 4000
Temperature
1.011838      0.0026398826

Pressure
23.379617     0.033445367 

CM Mom
-2.2500622e-17 1.3832308e-17 
7.9110331e-17  1.7695265e-17 
3.4525944e-17  1.5118892e-16 
1.5197071e-16  9.0687444e-17 

CM Pos
15.99704       0.011112109   
15.997696      0.010788314   
15.998207      0.010256837   
27.708742      0.012094816   

Stress
20.575       -0.00907504  0.00805985    0.043721     0.0251687    0.0263653   
-0.00907504  20.5637      0.00520003    0.0251687    0.0367025    0.0210193   
0.00805985   0.00520003   19.8937       0.0263653    0.0210193    0.0593709   

Stress Spherical
0            0            0             0            0            0           
0            0            0             0            0            0           
0            0            0             0            0            0           

Inertia
681.865      -255.891     -255.898      0.699289     0.315246     0.247898    
-255.891     681.855      -255.952      0.315246     0.667759     0.22548     
-255.898     -255.952     682.355       0.247898     0.22548      1.7856      

Bond Length
0.55713391    0.00098784745

HT bond length
0.61429912    0.0015688917

TT bond length
0.54570086    0.001011592 

Water EE distance
0             0           

Lipid EE distance
3.0952799     0.0076516171

HTT P2(x)
0.75033049    0.0036047827

HTT first bond length
0.54189755    0.0016204289

HTT second bond length
0.61429912    0.0015688917

HTT <phi**2>/<phi>**2
1.2588251     0.005386148 

TTT P2(x)
0.74846055    0.0022926323

TTT first bond length
0.54665169    0.0010517228

TTT second bond length
0.5446161     0.0011045827

TTT <phi**2>/<phi>**2
1.2604981     0.0029421282

